Key,Value
Command_38_527E560D405640D5285D45BA2AFCCDF7,*labelA
Arg1_31_D08438AB49CD5ACF29FE2F8EE6C07CBC,
Arg2_32_7EB149924ECDAA38471FD5AF6E24C953,
Arg3_33_F73127434AC8937DB9A4748EAD44F055,
Arg4_39_AD5C39114DC427A1B4778BB75887964E,
Arg5_40_D047B6A0434E34FBD45AE49B80FF6631,
Arg6_34_47055B9B4B2A8E3CC46866A9C1FD0A4E,
PageCtrl_35_F096CCB9432478F2E5C19AB8E1CC14F7,
Command_38_527E560D405640D5285D45BA2AFCCDF7,StopSound
Arg1_31_D08438AB49CD5ACF29FE2F8EE6C07CBC,
Arg2_32_7EB149924ECDAA38471FD5AF6E24C953,
Arg3_33_F73127434AC8937DB9A4748EAD44F055,
Arg4_39_AD5C39114DC427A1B4778BB75887964E,
Arg5_40_D047B6A0434E34FBD45AE49B80FF6631,
Arg6_34_47055B9B4B2A8E3CC46866A9C1FD0A4E,
PageCtrl_35_F096CCB9432478F2E5C19AB8E1CC14F7,
Command_38_527E560D405640D5285D45BA2AFCCDF7,//■unique0221
Arg1_31_D08438AB49CD5ACF29FE2F8EE6C07CBC,
Arg2_32_7EB149924ECDAA38471FD5AF6E24C953,
Arg3_33_F73127434AC8937DB9A4748EAD44F055,
Arg4_39_AD5C39114DC427A1B4778BB75887964E,
Arg5_40_D047B6A0434E34FBD45AE49B80FF6631,
Arg6_34_47055B9B4B2A8E3CC46866A9C1FD0A4E,
PageCtrl_35_F096CCB9432478F2E5C19AB8E1CC14F7,
Command_38_527E560D405640D5285D45BA2AFCCDF7,Wait
Arg1_31_D08438AB49CD5ACF29FE2F8EE6C07CBC,
Arg2_32_7EB149924ECDAA38471FD5AF6E24C953,
Arg3_33_F73127434AC8937DB9A4748EAD44F055,
Arg4_39_AD5C39114DC427A1B4778BB75887964E,
Arg5_40_D047B6A0434E34FBD45AE49B80FF6631,
Arg6_34_47055B9B4B2A8E3CC46866A9C1FD0A4E,1.5
PageCtrl_35_F096CCB9432478F2E5C19AB8E1CC14F7,
Command_38_527E560D405640D5285D45BA2AFCCDF7,FadeIn
Arg1_31_D08438AB49CD5ACF29FE2F8EE6C07CBC,black
Arg2_32_7EB149924ECDAA38471FD5AF6E24C953,
Arg3_33_F73127434AC8937DB9A4748EAD44F055,
Arg4_39_AD5C39114DC427A1B4778BB75887964E,
Arg5_40_D047B6A0434E34FBD45AE49B80FF6631,Skippable
Arg6_34_47055B9B4B2A8E3CC46866A9C1FD0A4E,0
PageCtrl_35_F096CCB9432478F2E5C19AB8E1CC14F7,
Command_38_527E560D405640D5285D45BA2AFCCDF7,Wait
Arg1_31_D08438AB49CD5ACF29FE2F8EE6C07CBC,
Arg2_32_7EB149924ECDAA38471FD5AF6E24C953,
Arg3_33_F73127434AC8937DB9A4748EAD44F055,
Arg4_39_AD5C39114DC427A1B4778BB75887964E,
Arg5_40_D047B6A0434E34FBD45AE49B80FF6631,
Arg6_34_47055B9B4B2A8E3CC46866A9C1FD0A4E,1
PageCtrl_35_F096CCB9432478F2E5C19AB8E1CC14F7,
Command_38_527E560D405640D5285D45BA2AFCCDF7,FadeOut
Arg1_31_D08438AB49CD5ACF29FE2F8EE6C07CBC,black
Arg2_32_7EB149924ECDAA38471FD5AF6E24C953,
Arg3_33_F73127434AC8937DB9A4748EAD44F055,
Arg4_39_AD5C39114DC427A1B4778BB75887964E,
Arg5_40_D047B6A0434E34FBD45AE49B80FF6631,Skippable
Arg6_34_47055B9B4B2A8E3CC46866A9C1FD0A4E,1
PageCtrl_35_F096CCB9432478F2E5C19AB8E1CC14F7,
Command_38_527E560D405640D5285D45BA2AFCCDF7,Wait
Arg1_31_D08438AB49CD5ACF29FE2F8EE6C07CBC,
Arg2_32_7EB149924ECDAA38471FD5AF6E24C953,
Arg3_33_F73127434AC8937DB9A4748EAD44F055,
Arg4_39_AD5C39114DC427A1B4778BB75887964E,
Arg5_40_D047B6A0434E34FBD45AE49B80FF6631,
Arg6_34_47055B9B4B2A8E3CC46866A9C1FD0A4E,1
PageCtrl_35_F096CCB9432478F2E5C19AB8E1CC14F7,
Command_38_527E560D405640D5285D45BA2AFCCDF7,Texture
Arg1_31_D08438AB49CD5ACF29FE2F8EE6C07CBC,BG_b
Arg2_32_7EB149924ECDAA38471FD5AF6E24C953,
Arg3_33_F73127434AC8937DB9A4748EAD44F055,EventStill
Arg4_39_AD5C39114DC427A1B4778BB75887964E,
Arg5_40_D047B6A0434E34FBD45AE49B80FF6631,
Arg6_34_47055B9B4B2A8E3CC46866A9C1FD0A4E,0
PageCtrl_35_F096CCB9432478F2E5C19AB8E1CC14F7,
Command_38_527E560D405640D5285D45BA2AFCCDF7,Sound
Arg1_31_D08438AB49CD5ACF29FE2F8EE6C07CBC,BGM_15_Hell
Arg2_32_7EB149924ECDAA38471FD5AF6E24C953,
Arg3_33_F73127434AC8937DB9A4748EAD44F055,BGM
Arg4_39_AD5C39114DC427A1B4778BB75887964E,1
Arg5_40_D047B6A0434E34FBD45AE49B80FF6631,
Arg6_34_47055B9B4B2A8E3CC46866A9C1FD0A4E,0
PageCtrl_35_F096CCB9432478F2E5C19AB8E1CC14F7,
Command_38_527E560D405640D5285D45BA2AFCCDF7,//;黒
Arg1_31_D08438AB49CD5ACF29FE2F8EE6C07CBC,
Arg2_32_7EB149924ECDAA38471FD5AF6E24C953,
Arg3_33_F73127434AC8937DB9A4748EAD44F055,
Arg4_39_AD5C39114DC427A1B4778BB75887964E,
Arg5_40_D047B6A0434E34FBD45AE49B80FF6631,
Arg6_34_47055B9B4B2A8E3CC46866A9C1FD0A4E,
PageCtrl_35_F096CCB9432478F2E5C19AB8E1CC14F7,
Command_38_527E560D405640D5285D45BA2AFCCDF7,
Arg1_31_D08438AB49CD5ACF29FE2F8EE6C07CBC,末井泉水A1
Arg2_32_7EB149924ECDAA38471FD5AF6E24C953,Normal_A
Arg3_33_F73127434AC8937DB9A4748EAD44F055,画面外
Arg4_39_AD5C39114DC427A1B4778BB75887964E,
Arg5_40_D047B6A0434E34FBD45AE49B80FF6631,
Arg6_34_47055B9B4B2A8E3CC46866A9C1FD0A4E,
TEXT_24_C669B6D2463B2D1232AD4DBFD3C8D513_1,unique0221
TEXT_24_C669B6D2463B2D1232AD4DBFD3C8D513_2,12_TEXT
TEXT_24_C669B6D2463B2D1232AD4DBFD3C8D513_3,「ここは何？　グラウンド？\nいや……砂場みたいだけれど」
PageCtrl_35_F096CCB9432478F2E5C19AB8E1CC14F7,
Command_38_527E560D405640D5285D45BA2AFCCDF7,
Arg1_31_D08438AB49CD5ACF29FE2F8EE6C07CBC,獄卒A
Arg2_32_7EB149924ECDAA38471FD5AF6E24C953,Normal_A
Arg3_33_F73127434AC8937DB9A4748EAD44F055,画面外
Arg4_39_AD5C39114DC427A1B4778BB75887964E,
Arg5_40_D047B6A0434E34FBD45AE49B80FF6631,
Arg6_34_47055B9B4B2A8E3CC46866A9C1FD0A4E,
TEXT_24_C669B6D2463B2D1232AD4DBFD3C8D513_1,unique0221
TEXT_24_C669B6D2463B2D1232AD4DBFD3C8D513_2,13_TEXT
TEXT_24_C669B6D2463B2D1232AD4DBFD3C8D513_3,「スイッチ入れまーす」
PageCtrl_35_F096CCB9432478F2E5C19AB8E1CC14F7,
Command_38_527E560D405640D5285D45BA2AFCCDF7,Sound
Arg1_31_D08438AB49CD5ACF29FE2F8EE6C07CBC,スイッチを押す音（ピッ
Arg2_32_7EB149924ECDAA38471FD5AF6E24C953,
Arg3_33_F73127434AC8937DB9A4748EAD44F055,SE
Arg4_39_AD5C39114DC427A1B4778BB75887964E,1
Arg5_40_D047B6A0434E34FBD45AE49B80FF6631,
Arg6_34_47055B9B4B2A8E3CC46866A9C1FD0A4E,0
PageCtrl_35_F096CCB9432478F2E5C19AB8E1CC14F7,
Command_38_527E560D405640D5285D45BA2AFCCDF7,
Arg1_31_D08438AB49CD5ACF29FE2F8EE6C07CBC,末井泉水A1
Arg2_32_7EB149924ECDAA38471FD5AF6E24C953,Normal_A
Arg3_33_F73127434AC8937DB9A4748EAD44F055,画面外
Arg4_39_AD5C39114DC427A1B4778BB75887964E,
Arg5_40_D047B6A0434E34FBD45AE49B80FF6631,
Arg6_34_47055B9B4B2A8E3CC46866A9C1FD0A4E,
TEXT_24_C669B6D2463B2D1232AD4DBFD3C8D513_1,unique0221
TEXT_24_C669B6D2463B2D1232AD4DBFD3C8D513_2,15_TEXT
TEXT_24_C669B6D2463B2D1232AD4DBFD3C8D513_3,「なに……――きゃっ」
PageCtrl_35_F096CCB9432478F2E5C19AB8E1CC14F7,
Command_38_527E560D405640D5285D45BA2AFCCDF7,//;B（横目）
Arg1_31_D08438AB49CD5ACF29FE2F8EE6C07CBC,
Arg2_32_7EB149924ECDAA38471FD5AF6E24C953,
Arg3_33_F73127434AC8937DB9A4748EAD44F055,
Arg4_39_AD5C39114DC427A1B4778BB75887964E,
Arg5_40_D047B6A0434E34FBD45AE49B80FF6631,
Arg6_34_47055B9B4B2A8E3CC46866A9C1FD0A4E,
PageCtrl_35_F096CCB9432478F2E5C19AB8E1CC14F7,
Command_38_527E560D405640D5285D45BA2AFCCDF7,Texture
Arg1_31_D08438AB49CD5ACF29FE2F8EE6C07CBC,T_EV_Unq_0201cb
Arg2_32_7EB149924ECDAA38471FD5AF6E24C953,
Arg3_33_F73127434AC8937DB9A4748EAD44F055,EventStill
Arg4_39_AD5C39114DC427A1B4778BB75887964E,
Arg5_40_D047B6A0434E34FBD45AE49B80FF6631,
Arg6_34_47055B9B4B2A8E3CC46866A9C1FD0A4E,0
PageCtrl_35_F096CCB9432478F2E5C19AB8E1CC14F7,
Command_38_527E560D405640D5285D45BA2AFCCDF7,Sound
Arg1_31_D08438AB49CD5ACF29FE2F8EE6C07CBC,砂が落ちる音（サー
Arg2_32_7EB149924ECDAA38471FD5AF6E24C953,
Arg3_33_F73127434AC8937DB9A4748EAD44F055,SE
Arg4_39_AD5C39114DC427A1B4778BB75887964E,1
Arg5_40_D047B6A0434E34FBD45AE49B80FF6631,
Arg6_34_47055B9B4B2A8E3CC46866A9C1FD0A4E,0
PageCtrl_35_F096CCB9432478F2E5C19AB8E1CC14F7,
Command_38_527E560D405640D5285D45BA2AFCCDF7,
Arg1_31_D08438AB49CD5ACF29FE2F8EE6C07CBC,末井泉水A1
Arg2_32_7EB149924ECDAA38471FD5AF6E24C953,Normal_A
Arg3_33_F73127434AC8937DB9A4748EAD44F055,画面外
Arg4_39_AD5C39114DC427A1B4778BB75887964E,
Arg5_40_D047B6A0434E34FBD45AE49B80FF6631,
Arg6_34_47055B9B4B2A8E3CC46866A9C1FD0A4E,
TEXT_24_C669B6D2463B2D1232AD4DBFD3C8D513_1,unique0221
TEXT_24_C669B6D2463B2D1232AD4DBFD3C8D513_2,19_TEXT
TEXT_24_C669B6D2463B2D1232AD4DBFD3C8D513_3,「なにっ。なにっ。なにっ。\n砂が！　急に！　ちょ、ちょっとぉ！！」
PageCtrl_35_F096CCB9432478F2E5C19AB8E1CC14F7,
Command_38_527E560D405640D5285D45BA2AFCCDF7,
Arg1_31_D08438AB49CD5ACF29FE2F8EE6C07CBC,末井泉水A1
Arg2_32_7EB149924ECDAA38471FD5AF6E24C953,Normal_A
Arg3_33_F73127434AC8937DB9A4748EAD44F055,画面外
Arg4_39_AD5C39114DC427A1B4778BB75887964E,
Arg5_40_D047B6A0434E34FBD45AE49B80FF6631,
Arg6_34_47055B9B4B2A8E3CC46866A9C1FD0A4E,
TEXT_24_C669B6D2463B2D1232AD4DBFD3C8D513_1,unique0221
TEXT_24_C669B6D2463B2D1232AD4DBFD3C8D513_2,20_TEXT
TEXT_24_C669B6D2463B2D1232AD4DBFD3C8D513_3,「待って、足が！　足が取られて！\n　抜け……なっ」
PageCtrl_35_F096CCB9432478F2E5C19AB8E1CC14F7,
Command_38_527E560D405640D5285D45BA2AFCCDF7,
Arg1_31_D08438AB49CD5ACF29FE2F8EE6C07CBC,末井泉水A1
Arg2_32_7EB149924ECDAA38471FD5AF6E24C953,Normal_A
Arg3_33_F73127434AC8937DB9A4748EAD44F055,画面外
Arg4_39_AD5C39114DC427A1B4778BB75887964E,
Arg5_40_D047B6A0434E34FBD45AE49B80FF6631,
Arg6_34_47055B9B4B2A8E3CC46866A9C1FD0A4E,
TEXT_24_C669B6D2463B2D1232AD4DBFD3C8D513_1,unique0221
TEXT_24_C669B6D2463B2D1232AD4DBFD3C8D513_2,21_TEXT
TEXT_24_C669B6D2463B2D1232AD4DBFD3C8D513_3,「んっ……ふぅっ！　ふぅっ！\n砂っ、崩れてっ！　のま、のまれる！」
PageCtrl_35_F096CCB9432478F2E5C19AB8E1CC14F7,
Command_38_527E560D405640D5285D45BA2AFCCDF7,
Arg1_31_D08438AB49CD5ACF29FE2F8EE6C07CBC,末井泉水A1
Arg2_32_7EB149924ECDAA38471FD5AF6E24C953,Normal_A
Arg3_33_F73127434AC8937DB9A4748EAD44F055,画面外
Arg4_39_AD5C39114DC427A1B4778BB75887964E,
Arg5_40_D047B6A0434E34FBD45AE49B80FF6631,
Arg6_34_47055B9B4B2A8E3CC46866A9C1FD0A4E,
TEXT_24_C669B6D2463B2D1232AD4DBFD3C8D513_1,unique0221
TEXT_24_C669B6D2463B2D1232AD4DBFD3C8D513_2,22_TEXT
TEXT_24_C669B6D2463B2D1232AD4DBFD3C8D513_3,「はぁ……んふっ。これ、深っ。\nこの砂、底が無い！？　ふっ……ふぅーーっ」
PageCtrl_35_F096CCB9432478F2E5C19AB8E1CC14F7,
Command_38_527E560D405640D5285D45BA2AFCCDF7,
Arg1_31_D08438AB49CD5ACF29FE2F8EE6C07CBC,末井泉水A1
Arg2_32_7EB149924ECDAA38471FD5AF6E24C953,Normal_A
Arg3_33_F73127434AC8937DB9A4748EAD44F055,画面外
Arg4_39_AD5C39114DC427A1B4778BB75887964E,
Arg5_40_D047B6A0434E34FBD45AE49B80FF6631,
Arg6_34_47055B9B4B2A8E3CC46866A9C1FD0A4E,
TEXT_24_C669B6D2463B2D1232AD4DBFD3C8D513_1,unique0221
TEXT_24_C669B6D2463B2D1232AD4DBFD3C8D513_2,23_TEXT
TEXT_24_C669B6D2463B2D1232AD4DBFD3C8D513_3,「いやっ。このままじゃ……まずい……っ」
PageCtrl_35_F096CCB9432478F2E5C19AB8E1CC14F7,
Command_38_527E560D405640D5285D45BA2AFCCDF7,Texture
Arg1_31_D08438AB49CD5ACF29FE2F8EE6C07CBC,T_EV_Unq_0201ab
Arg2_32_7EB149924ECDAA38471FD5AF6E24C953,
Arg3_33_F73127434AC8937DB9A4748EAD44F055,EventStill
Arg4_39_AD5C39114DC427A1B4778BB75887964E,
Arg5_40_D047B6A0434E34FBD45AE49B80FF6631,
Arg6_34_47055B9B4B2A8E3CC46866A9C1FD0A4E,0
PageCtrl_35_F096CCB9432478F2E5C19AB8E1CC14F7,
Command_38_527E560D405640D5285D45BA2AFCCDF7,
Arg1_31_D08438AB49CD5ACF29FE2F8EE6C07CBC,末井泉水A1
Arg2_32_7EB149924ECDAA38471FD5AF6E24C953,Normal_A
Arg3_33_F73127434AC8937DB9A4748EAD44F055,画面外
Arg4_39_AD5C39114DC427A1B4778BB75887964E,
Arg5_40_D047B6A0434E34FBD45AE49B80FF6631,
Arg6_34_47055B9B4B2A8E3CC46866A9C1FD0A4E,
TEXT_24_C669B6D2463B2D1232AD4DBFD3C8D513_1,unique0221
TEXT_24_C669B6D2463B2D1232AD4DBFD3C8D513_2,25_TEXT
TEXT_24_C669B6D2463B2D1232AD4DBFD3C8D513_3,「ふっ、ふっ、ふっ、ふっ。\nだ、誰かー！　誰か助けて！」
PageCtrl_35_F096CCB9432478F2E5C19AB8E1CC14F7,
Command_38_527E560D405640D5285D45BA2AFCCDF7,
Arg1_31_D08438AB49CD5ACF29FE2F8EE6C07CBC,末井泉水A1
Arg2_32_7EB149924ECDAA38471FD5AF6E24C953,Normal_A
Arg3_33_F73127434AC8937DB9A4748EAD44F055,画面外
Arg4_39_AD5C39114DC427A1B4778BB75887964E,
Arg5_40_D047B6A0434E34FBD45AE49B80FF6631,
Arg6_34_47055B9B4B2A8E3CC46866A9C1FD0A4E,
TEXT_24_C669B6D2463B2D1232AD4DBFD3C8D513_1,unique0221
TEXT_24_C669B6D2463B2D1232AD4DBFD3C8D513_2,26_TEXT
TEXT_24_C669B6D2463B2D1232AD4DBFD3C8D513_3,（って、助けが来るわけない！\nだって私をここに入れたのあの連中だし！）
PageCtrl_35_F096CCB9432478F2E5C19AB8E1CC14F7,
Command_38_527E560D405640D5285D45BA2AFCCDF7,//;A（驚き）
Arg1_31_D08438AB49CD5ACF29FE2F8EE6C07CBC,
Arg2_32_7EB149924ECDAA38471FD5AF6E24C953,
Arg3_33_F73127434AC8937DB9A4748EAD44F055,
Arg4_39_AD5C39114DC427A1B4778BB75887964E,
Arg5_40_D047B6A0434E34FBD45AE49B80FF6631,
Arg6_34_47055B9B4B2A8E3CC46866A9C1FD0A4E,
PageCtrl_35_F096CCB9432478F2E5C19AB8E1CC14F7,
Command_38_527E560D405640D5285D45BA2AFCCDF7,Texture
Arg1_31_D08438AB49CD5ACF29FE2F8EE6C07CBC,T_EV_Unq_0201ca
Arg2_32_7EB149924ECDAA38471FD5AF6E24C953,
Arg3_33_F73127434AC8937DB9A4748EAD44F055,EventStill
Arg4_39_AD5C39114DC427A1B4778BB75887964E,
Arg5_40_D047B6A0434E34FBD45AE49B80FF6631,
Arg6_34_47055B9B4B2A8E3CC46866A9C1FD0A4E,0
PageCtrl_35_F096CCB9432478F2E5C19AB8E1CC14F7,
Command_38_527E560D405640D5285D45BA2AFCCDF7,
Arg1_31_D08438AB49CD5ACF29FE2F8EE6C07CBC,末井泉水A1
Arg2_32_7EB149924ECDAA38471FD5AF6E24C953,Normal_A
Arg3_33_F73127434AC8937DB9A4748EAD44F055,画面外
Arg4_39_AD5C39114DC427A1B4778BB75887964E,
Arg5_40_D047B6A0434E34FBD45AE49B80FF6631,
Arg6_34_47055B9B4B2A8E3CC46866A9C1FD0A4E,
TEXT_24_C669B6D2463B2D1232AD4DBFD3C8D513_1,unique0221
TEXT_24_C669B6D2463B2D1232AD4DBFD3C8D513_2,29_TEXT
TEXT_24_C669B6D2463B2D1232AD4DBFD3C8D513_3,「ぬぅうううううう！！\n負けるか、チャリ配達で鍛えた根性ぉぉおおっ！！」
PageCtrl_35_F096CCB9432478F2E5C19AB8E1CC14F7,
Command_38_527E560D405640D5285D45BA2AFCCDF7,
Arg1_31_D08438AB49CD5ACF29FE2F8EE6C07CBC,末井泉水A1
Arg2_32_7EB149924ECDAA38471FD5AF6E24C953,Normal_A
Arg3_33_F73127434AC8937DB9A4748EAD44F055,画面外
Arg4_39_AD5C39114DC427A1B4778BB75887964E,
Arg5_40_D047B6A0434E34FBD45AE49B80FF6631,
Arg6_34_47055B9B4B2A8E3CC46866A9C1FD0A4E,
TEXT_24_C669B6D2463B2D1232AD4DBFD3C8D513_1,unique0221
TEXT_24_C669B6D2463B2D1232AD4DBFD3C8D513_2,30_TEXT
TEXT_24_C669B6D2463B2D1232AD4DBFD3C8D513_3,「物理的には！　足が沈む前にもう一歩進めば！\n砂に飲まれることは無いはず！」
PageCtrl_35_F096CCB9432478F2E5C19AB8E1CC14F7,
Command_38_527E560D405640D5285D45BA2AFCCDF7,
Arg1_31_D08438AB49CD5ACF29FE2F8EE6C07CBC,末井泉水A1
Arg2_32_7EB149924ECDAA38471FD5AF6E24C953,Normal_A
Arg3_33_F73127434AC8937DB9A4748EAD44F055,画面外
Arg4_39_AD5C39114DC427A1B4778BB75887964E,
Arg5_40_D047B6A0434E34FBD45AE49B80FF6631,
Arg6_34_47055B9B4B2A8E3CC46866A9C1FD0A4E,
TEXT_24_C669B6D2463B2D1232AD4DBFD3C8D513_1,unique0221
TEXT_24_C669B6D2463B2D1232AD4DBFD3C8D513_2,31_TEXT
TEXT_24_C669B6D2463B2D1232AD4DBFD3C8D513_3,「らあああああ！！」
PageCtrl_35_F096CCB9432478F2E5C19AB8E1CC14F7,
Command_38_527E560D405640D5285D45BA2AFCCDF7,
Arg1_31_D08438AB49CD5ACF29FE2F8EE6C07CBC,末井泉水A1
Arg2_32_7EB149924ECDAA38471FD5AF6E24C953,Normal_A
Arg3_33_F73127434AC8937DB9A4748EAD44F055,画面外
Arg4_39_AD5C39114DC427A1B4778BB75887964E,
Arg5_40_D047B6A0434E34FBD45AE49B80FF6631,
Arg6_34_47055B9B4B2A8E3CC46866A9C1FD0A4E,
TEXT_24_C669B6D2463B2D1232AD4DBFD3C8D513_1,unique0221
TEXT_24_C669B6D2463B2D1232AD4DBFD3C8D513_2,32_TEXT
TEXT_24_C669B6D2463B2D1232AD4DBFD3C8D513_3,「ぎゃああ！！　むしろ砂に沈んでいくーー！！\nどう考えたって作戦ミス！！」
PageCtrl_35_F096CCB9432478F2E5C19AB8E1CC14F7,
Command_38_527E560D405640D5285D45BA2AFCCDF7,
Arg1_31_D08438AB49CD5ACF29FE2F8EE6C07CBC,末井泉水A1
Arg2_32_7EB149924ECDAA38471FD5AF6E24C953,Normal_A
Arg3_33_F73127434AC8937DB9A4748EAD44F055,画面外
Arg4_39_AD5C39114DC427A1B4778BB75887964E,
Arg5_40_D047B6A0434E34FBD45AE49B80FF6631,
Arg6_34_47055B9B4B2A8E3CC46866A9C1FD0A4E,
TEXT_24_C669B6D2463B2D1232AD4DBFD3C8D513_1,unique0221
TEXT_24_C669B6D2463B2D1232AD4DBFD3C8D513_2,33_TEXT
TEXT_24_C669B6D2463B2D1232AD4DBFD3C8D513_3,「……いや、きっと根性が足りないだけ！\nうおおおお唸れ私の両足！」
PageCtrl_35_F096CCB9432478F2E5C19AB8E1CC14F7,
Command_38_527E560D405640D5285D45BA2AFCCDF7,
Arg1_31_D08438AB49CD5ACF29FE2F8EE6C07CBC,末井泉水A1
Arg2_32_7EB149924ECDAA38471FD5AF6E24C953,Normal_A
Arg3_33_F73127434AC8937DB9A4748EAD44F055,画面外
Arg4_39_AD5C39114DC427A1B4778BB75887964E,
Arg5_40_D047B6A0434E34FBD45AE49B80FF6631,
Arg6_34_47055B9B4B2A8E3CC46866A9C1FD0A4E,
TEXT_24_C669B6D2463B2D1232AD4DBFD3C8D513_1,unique0221
TEXT_24_C669B6D2463B2D1232AD4DBFD3C8D513_2,34_TEXT
TEXT_24_C669B6D2463B2D1232AD4DBFD3C8D513_3,「ぎゃー！　やっぱりもっと沈んでいくー！」
PageCtrl_35_F096CCB9432478F2E5C19AB8E1CC14F7,
Command_38_527E560D405640D5285D45BA2AFCCDF7,//;C
Arg1_31_D08438AB49CD5ACF29FE2F8EE6C07CBC,
Arg2_32_7EB149924ECDAA38471FD5AF6E24C953,
Arg3_33_F73127434AC8937DB9A4748EAD44F055,
Arg4_39_AD5C39114DC427A1B4778BB75887964E,
Arg5_40_D047B6A0434E34FBD45AE49B80FF6631,
Arg6_34_47055B9B4B2A8E3CC46866A9C1FD0A4E,
PageCtrl_35_F096CCB9432478F2E5C19AB8E1CC14F7,
Command_38_527E560D405640D5285D45BA2AFCCDF7,Texture
Arg1_31_D08438AB49CD5ACF29FE2F8EE6C07CBC,T_EV_Unq_0201bc
Arg2_32_7EB149924ECDAA38471FD5AF6E24C953,
Arg3_33_F73127434AC8937DB9A4748EAD44F055,EventStill
Arg4_39_AD5C39114DC427A1B4778BB75887964E,
Arg5_40_D047B6A0434E34FBD45AE49B80FF6631,
Arg6_34_47055B9B4B2A8E3CC46866A9C1FD0A4E,0
PageCtrl_35_F096CCB9432478F2E5C19AB8E1CC14F7,
Command_38_527E560D405640D5285D45BA2AFCCDF7,
Arg1_31_D08438AB49CD5ACF29FE2F8EE6C07CBC,末井泉水A1
Arg2_32_7EB149924ECDAA38471FD5AF6E24C953,Normal_A
Arg3_33_F73127434AC8937DB9A4748EAD44F055,画面外
Arg4_39_AD5C39114DC427A1B4778BB75887964E,
Arg5_40_D047B6A0434E34FBD45AE49B80FF6631,
Arg6_34_47055B9B4B2A8E3CC46866A9C1FD0A4E,
TEXT_24_C669B6D2463B2D1232AD4DBFD3C8D513_1,unique0221
TEXT_24_C669B6D2463B2D1232AD4DBFD3C8D513_2,37_TEXT
TEXT_24_C669B6D2463B2D1232AD4DBFD3C8D513_3,「んぬっ……ぬぐ……っ。ぐっ……ぐっ……ぐっ」
PageCtrl_35_F096CCB9432478F2E5C19AB8E1CC14F7,
Command_38_527E560D405640D5285D45BA2AFCCDF7,
Arg1_31_D08438AB49CD5ACF29FE2F8EE6C07CBC,末井泉水A1
Arg2_32_7EB149924ECDAA38471FD5AF6E24C953,Normal_A
Arg3_33_F73127434AC8937DB9A4748EAD44F055,画面外
Arg4_39_AD5C39114DC427A1B4778BB75887964E,
Arg5_40_D047B6A0434E34FBD45AE49B80FF6631,
Arg6_34_47055B9B4B2A8E3CC46866A9C1FD0A4E,
TEXT_24_C669B6D2463B2D1232AD4DBFD3C8D513_1,unique0221
TEXT_24_C669B6D2463B2D1232AD4DBFD3C8D513_2,38_TEXT
TEXT_24_C669B6D2463B2D1232AD4DBFD3C8D513_3,「これ以上沈んだら、息が……っ」
PageCtrl_35_F096CCB9432478F2E5C19AB8E1CC14F7,
Command_38_527E560D405640D5285D45BA2AFCCDF7,
Arg1_31_D08438AB49CD5ACF29FE2F8EE6C07CBC,末井泉水A1
Arg2_32_7EB149924ECDAA38471FD5AF6E24C953,Normal_A
Arg3_33_F73127434AC8937DB9A4748EAD44F055,画面外
Arg4_39_AD5C39114DC427A1B4778BB75887964E,
Arg5_40_D047B6A0434E34FBD45AE49B80FF6631,
Arg6_34_47055B9B4B2A8E3CC46866A9C1FD0A4E,
TEXT_24_C669B6D2463B2D1232AD4DBFD3C8D513_1,unique0221
TEXT_24_C669B6D2463B2D1232AD4DBFD3C8D513_2,39_TEXT
TEXT_24_C669B6D2463B2D1232AD4DBFD3C8D513_3,「ふぅんぬーーーーっ……！！\nふぅっ！　ふぅっ！　ふぅっ！　ふぅっ！」
PageCtrl_35_F096CCB9432478F2E5C19AB8E1CC14F7,
Command_38_527E560D405640D5285D45BA2AFCCDF7,Texture
Arg1_31_D08438AB49CD5ACF29FE2F8EE6C07CBC,T_EV_Unq_0201cb
Arg2_32_7EB149924ECDAA38471FD5AF6E24C953,
Arg3_33_F73127434AC8937DB9A4748EAD44F055,EventStill
Arg4_39_AD5C39114DC427A1B4778BB75887964E,
Arg5_40_D047B6A0434E34FBD45AE49B80FF6631,
Arg6_34_47055B9B4B2A8E3CC46866A9C1FD0A4E,0
PageCtrl_35_F096CCB9432478F2E5C19AB8E1CC14F7,
Command_38_527E560D405640D5285D45BA2AFCCDF7,
Arg1_31_D08438AB49CD5ACF29FE2F8EE6C07CBC,末井泉水A1
Arg2_32_7EB149924ECDAA38471FD5AF6E24C953,Normal_A
Arg3_33_F73127434AC8937DB9A4748EAD44F055,画面外
Arg4_39_AD5C39114DC427A1B4778BB75887964E,
Arg5_40_D047B6A0434E34FBD45AE49B80FF6631,
Arg6_34_47055B9B4B2A8E3CC46866A9C1FD0A4E,
TEXT_24_C669B6D2463B2D1232AD4DBFD3C8D513_1,unique0221
TEXT_24_C669B6D2463B2D1232AD4DBFD3C8D513_2,41_TEXT
TEXT_24_C669B6D2463B2D1232AD4DBFD3C8D513_3,「あれ？　何……なんか、変……っ」
PageCtrl_35_F096CCB9432478F2E5C19AB8E1CC14F7,
Command_38_527E560D405640D5285D45BA2AFCCDF7,
Arg1_31_D08438AB49CD5ACF29FE2F8EE6C07CBC,末井泉水A1
Arg2_32_7EB149924ECDAA38471FD5AF6E24C953,Normal_A
Arg3_33_F73127434AC8937DB9A4748EAD44F055,画面外
Arg4_39_AD5C39114DC427A1B4778BB75887964E,
Arg5_40_D047B6A0434E34FBD45AE49B80FF6631,
Arg6_34_47055B9B4B2A8E3CC46866A9C1FD0A4E,
TEXT_24_C669B6D2463B2D1232AD4DBFD3C8D513_1,unique0221
TEXT_24_C669B6D2463B2D1232AD4DBFD3C8D513_2,42_TEXT
TEXT_24_C669B6D2463B2D1232AD4DBFD3C8D513_3,「なんか……砂、固まって……っ」
PageCtrl_35_F096CCB9432478F2E5C19AB8E1CC14F7,
Command_38_527E560D405640D5285D45BA2AFCCDF7,Texture
Arg1_31_D08438AB49CD5ACF29FE2F8EE6C07CBC,T_EV_Unq_0201cc
Arg2_32_7EB149924ECDAA38471FD5AF6E24C953,
Arg3_33_F73127434AC8937DB9A4748EAD44F055,EventStill
Arg4_39_AD5C39114DC427A1B4778BB75887964E,
Arg5_40_D047B6A0434E34FBD45AE49B80FF6631,
Arg6_34_47055B9B4B2A8E3CC46866A9C1FD0A4E,0
PageCtrl_35_F096CCB9432478F2E5C19AB8E1CC14F7,
Command_38_527E560D405640D5285D45BA2AFCCDF7,
Arg1_31_D08438AB49CD5ACF29FE2F8EE6C07CBC,末井泉水A1
Arg2_32_7EB149924ECDAA38471FD5AF6E24C953,Normal_A
Arg3_33_F73127434AC8937DB9A4748EAD44F055,画面外
Arg4_39_AD5C39114DC427A1B4778BB75887964E,
Arg5_40_D047B6A0434E34FBD45AE49B80FF6631,
Arg6_34_47055B9B4B2A8E3CC46866A9C1FD0A4E,
TEXT_24_C669B6D2463B2D1232AD4DBFD3C8D513_1,unique0221
TEXT_24_C669B6D2463B2D1232AD4DBFD3C8D513_2,44_TEXT
TEXT_24_C669B6D2463B2D1232AD4DBFD3C8D513_3,「抜けない……っ。ぐぬぅうう！！\nふんっ！　ふんっ！　抜け、ろぉおおっ」
PageCtrl_35_F096CCB9432478F2E5C19AB8E1CC14F7,
Command_38_527E560D405640D5285D45BA2AFCCDF7,
Arg1_31_D08438AB49CD5ACF29FE2F8EE6C07CBC,末井泉水A1
Arg2_32_7EB149924ECDAA38471FD5AF6E24C953,Normal_A
Arg3_33_F73127434AC8937DB9A4748EAD44F055,画面外
Arg4_39_AD5C39114DC427A1B4778BB75887964E,
Arg5_40_D047B6A0434E34FBD45AE49B80FF6631,
Arg6_34_47055B9B4B2A8E3CC46866A9C1FD0A4E,
TEXT_24_C669B6D2463B2D1232AD4DBFD3C8D513_1,unique0221
TEXT_24_C669B6D2463B2D1232AD4DBFD3C8D513_2,45_TEXT
TEXT_24_C669B6D2463B2D1232AD4DBFD3C8D513_3,「ぅ……お尻引っかかって、抜けないし……っ」
PageCtrl_35_F096CCB9432478F2E5C19AB8E1CC14F7,
Command_38_527E560D405640D5285D45BA2AFCCDF7,Texture
Arg1_31_D08438AB49CD5ACF29FE2F8EE6C07CBC,T_EV_Unq_0201cb
Arg2_32_7EB149924ECDAA38471FD5AF6E24C953,
Arg3_33_F73127434AC8937DB9A4748EAD44F055,EventStill
Arg4_39_AD5C39114DC427A1B4778BB75887964E,
Arg5_40_D047B6A0434E34FBD45AE49B80FF6631,
Arg6_34_47055B9B4B2A8E3CC46866A9C1FD0A4E,0
PageCtrl_35_F096CCB9432478F2E5C19AB8E1CC14F7,
Command_38_527E560D405640D5285D45BA2AFCCDF7,
Arg1_31_D08438AB49CD5ACF29FE2F8EE6C07CBC,末井泉水A1
Arg2_32_7EB149924ECDAA38471FD5AF6E24C953,Normal_A
Arg3_33_F73127434AC8937DB9A4748EAD44F055,画面外
Arg4_39_AD5C39114DC427A1B4778BB75887964E,
Arg5_40_D047B6A0434E34FBD45AE49B80FF6631,
Arg6_34_47055B9B4B2A8E3CC46866A9C1FD0A4E,
TEXT_24_C669B6D2463B2D1232AD4DBFD3C8D513_1,unique0221
TEXT_24_C669B6D2463B2D1232AD4DBFD3C8D513_2,47_TEXT
TEXT_24_C669B6D2463B2D1232AD4DBFD3C8D513_3,「ぇちょっと待って？\nなんか。砂の、下に――」
PageCtrl_35_F096CCB9432478F2E5C19AB8E1CC14F7,
Command_38_527E560D405640D5285D45BA2AFCCDF7,//;D
Arg1_31_D08438AB49CD5ACF29FE2F8EE6C07CBC,
Arg2_32_7EB149924ECDAA38471FD5AF6E24C953,
Arg3_33_F73127434AC8937DB9A4748EAD44F055,
Arg4_39_AD5C39114DC427A1B4778BB75887964E,
Arg5_40_D047B6A0434E34FBD45AE49B80FF6631,
Arg6_34_47055B9B4B2A8E3CC46866A9C1FD0A4E,
PageCtrl_35_F096CCB9432478F2E5C19AB8E1CC14F7,
Command_38_527E560D405640D5285D45BA2AFCCDF7,Texture
Arg1_31_D08438AB49CD5ACF29FE2F8EE6C07CBC,T_EV_Unq_0201ad
Arg2_32_7EB149924ECDAA38471FD5AF6E24C953,
Arg3_33_F73127434AC8937DB9A4748EAD44F055,EventStill
Arg4_39_AD5C39114DC427A1B4778BB75887964E,
Arg5_40_D047B6A0434E34FBD45AE49B80FF6631,
Arg6_34_47055B9B4B2A8E3CC46866A9C1FD0A4E,0
PageCtrl_35_F096CCB9432478F2E5C19AB8E1CC14F7,
Command_38_527E560D405640D5285D45BA2AFCCDF7,Sound
Arg1_31_D08438AB49CD5ACF29FE2F8EE6C07CBC,肉厚な何かを触る音（ぐにっ
Arg2_32_7EB149924ECDAA38471FD5AF6E24C953,
Arg3_33_F73127434AC8937DB9A4748EAD44F055,SE
Arg4_39_AD5C39114DC427A1B4778BB75887964E,1
Arg5_40_D047B6A0434E34FBD45AE49B80FF6631,
Arg6_34_47055B9B4B2A8E3CC46866A9C1FD0A4E,0
PageCtrl_35_F096CCB9432478F2E5C19AB8E1CC14F7,
Command_38_527E560D405640D5285D45BA2AFCCDF7,
Arg1_31_D08438AB49CD5ACF29FE2F8EE6C07CBC,末井泉水A1
Arg2_32_7EB149924ECDAA38471FD5AF6E24C953,Normal_A
Arg3_33_F73127434AC8937DB9A4748EAD44F055,画面外
Arg4_39_AD5C39114DC427A1B4778BB75887964E,
Arg5_40_D047B6A0434E34FBD45AE49B80FF6631,
Arg6_34_47055B9B4B2A8E3CC46866A9C1FD0A4E,
TEXT_24_C669B6D2463B2D1232AD4DBFD3C8D513_1,unique0221
TEXT_24_C669B6D2463B2D1232AD4DBFD3C8D513_2,51_TEXT
TEXT_24_C669B6D2463B2D1232AD4DBFD3C8D513_3,「わにゃぁあああああ……っ」
PageCtrl_35_F096CCB9432478F2E5C19AB8E1CC14F7,
Command_38_527E560D405640D5285D45BA2AFCCDF7,Texture
Arg1_31_D08438AB49CD5ACF29FE2F8EE6C07CBC,T_EV_Unq_0201bd
Arg2_32_7EB149924ECDAA38471FD5AF6E24C953,
Arg3_33_F73127434AC8937DB9A4748EAD44F055,EventStill
Arg4_39_AD5C39114DC427A1B4778BB75887964E,
Arg5_40_D047B6A0434E34FBD45AE49B80FF6631,
Arg6_34_47055B9B4B2A8E3CC46866A9C1FD0A4E,0
PageCtrl_35_F096CCB9432478F2E5C19AB8E1CC14F7,
Command_38_527E560D405640D5285D45BA2AFCCDF7,
Arg1_31_D08438AB49CD5ACF29FE2F8EE6C07CBC,末井泉水A1
Arg2_32_7EB149924ECDAA38471FD5AF6E24C953,Normal_A
Arg3_33_F73127434AC8937DB9A4748EAD44F055,画面外
Arg4_39_AD5C39114DC427A1B4778BB75887964E,
Arg5_40_D047B6A0434E34FBD45AE49B80FF6631,
Arg6_34_47055B9B4B2A8E3CC46866A9C1FD0A4E,
TEXT_24_C669B6D2463B2D1232AD4DBFD3C8D513_1,unique0221
TEXT_24_C669B6D2463B2D1232AD4DBFD3C8D513_2,53_TEXT
TEXT_24_C669B6D2463B2D1232AD4DBFD3C8D513_3,「ちょっ。なんかが……下、居て……っ。\n　にゃふっ。んみゃっ。ふぅーーーっ」
PageCtrl_35_F096CCB9432478F2E5C19AB8E1CC14F7,
Command_38_527E560D405640D5285D45BA2AFCCDF7,Texture
Arg1_31_D08438AB49CD5ACF29FE2F8EE6C07CBC,T_EV_Unq_0201cb
Arg2_32_7EB149924ECDAA38471FD5AF6E24C953,
Arg3_33_F73127434AC8937DB9A4748EAD44F055,EventStill
Arg4_39_AD5C39114DC427A1B4778BB75887964E,
Arg5_40_D047B6A0434E34FBD45AE49B80FF6631,
Arg6_34_47055B9B4B2A8E3CC46866A9C1FD0A4E,0
PageCtrl_35_F096CCB9432478F2E5C19AB8E1CC14F7,
Command_38_527E560D405640D5285D45BA2AFCCDF7,
Arg1_31_D08438AB49CD5ACF29FE2F8EE6C07CBC,末井泉水A1
Arg2_32_7EB149924ECDAA38471FD5AF6E24C953,Normal_A
Arg3_33_F73127434AC8937DB9A4748EAD44F055,画面外
Arg4_39_AD5C39114DC427A1B4778BB75887964E,
Arg5_40_D047B6A0434E34FBD45AE49B80FF6631,
Arg6_34_47055B9B4B2A8E3CC46866A9C1FD0A4E,
TEXT_24_C669B6D2463B2D1232AD4DBFD3C8D513_1,unique0221
TEXT_24_C669B6D2463B2D1232AD4DBFD3C8D513_2,55_TEXT
TEXT_24_C669B6D2463B2D1232AD4DBFD3C8D513_3,「にゅるにゅるしてる何かがっ。\n湿った感じの細い何かがっ」
PageCtrl_35_F096CCB9432478F2E5C19AB8E1CC14F7,
Command_38_527E560D405640D5285D45BA2AFCCDF7,
Arg1_31_D08438AB49CD5ACF29FE2F8EE6C07CBC,末井泉水A1
Arg2_32_7EB149924ECDAA38471FD5AF6E24C953,Normal_A
Arg3_33_F73127434AC8937DB9A4748EAD44F055,画面外
Arg4_39_AD5C39114DC427A1B4778BB75887964E,
Arg5_40_D047B6A0434E34FBD45AE49B80FF6631,
Arg6_34_47055B9B4B2A8E3CC46866A9C1FD0A4E,
TEXT_24_C669B6D2463B2D1232AD4DBFD3C8D513_1,unique0221
TEXT_24_C669B6D2463B2D1232AD4DBFD3C8D513_2,56_TEXT
TEXT_24_C669B6D2463B2D1232AD4DBFD3C8D513_3,「……何で砂の下に居るくせに湿ってる？\n強い意思を感じる！　倫理団体に怒られない程度の」
PageCtrl_35_F096CCB9432478F2E5C19AB8E1CC14F7,
Command_38_527E560D405640D5285D45BA2AFCCDF7,Texture
Arg1_31_D08438AB49CD5ACF29FE2F8EE6C07CBC,T_EV_Unq_0201ca
Arg2_32_7EB149924ECDAA38471FD5AF6E24C953,
Arg3_33_F73127434AC8937DB9A4748EAD44F055,EventStill
Arg4_39_AD5C39114DC427A1B4778BB75887964E,
Arg5_40_D047B6A0434E34FBD45AE49B80FF6631,
Arg6_34_47055B9B4B2A8E3CC46866A9C1FD0A4E,0
PageCtrl_35_F096CCB9432478F2E5C19AB8E1CC14F7,
Command_38_527E560D405640D5285D45BA2AFCCDF7,Sound
Arg1_31_D08438AB49CD5ACF29FE2F8EE6C07CBC,肉厚な何かを触る音（ぐにっ
Arg2_32_7EB149924ECDAA38471FD5AF6E24C953,
Arg3_33_F73127434AC8937DB9A4748EAD44F055,SE
Arg4_39_AD5C39114DC427A1B4778BB75887964E,1
Arg5_40_D047B6A0434E34FBD45AE49B80FF6631,
Arg6_34_47055B9B4B2A8E3CC46866A9C1FD0A4E,0
PageCtrl_35_F096CCB9432478F2E5C19AB8E1CC14F7,
Command_38_527E560D405640D5285D45BA2AFCCDF7,
Arg1_31_D08438AB49CD5ACF29FE2F8EE6C07CBC,末井泉水A1
Arg2_32_7EB149924ECDAA38471FD5AF6E24C953,Normal_A
Arg3_33_F73127434AC8937DB9A4748EAD44F055,画面外
Arg4_39_AD5C39114DC427A1B4778BB75887964E,
Arg5_40_D047B6A0434E34FBD45AE49B80FF6631,
Arg6_34_47055B9B4B2A8E3CC46866A9C1FD0A4E,
TEXT_24_C669B6D2463B2D1232AD4DBFD3C8D513_1,unique0221
TEXT_24_C669B6D2463B2D1232AD4DBFD3C8D513_2,59_TEXT
TEXT_24_C669B6D2463B2D1232AD4DBFD3C8D513_3,「……えっ。何されてる、私、いまっ。\nなんか、すごっ。すごいっ、これっ。わっ」
PageCtrl_35_F096CCB9432478F2E5C19AB8E1CC14F7,
Command_38_527E560D405640D5285D45BA2AFCCDF7,
Arg1_31_D08438AB49CD5ACF29FE2F8EE6C07CBC,末井泉水A1
Arg2_32_7EB149924ECDAA38471FD5AF6E24C953,Normal_A
Arg3_33_F73127434AC8937DB9A4748EAD44F055,画面外
Arg4_39_AD5C39114DC427A1B4778BB75887964E,
Arg5_40_D047B6A0434E34FBD45AE49B80FF6631,
Arg6_34_47055B9B4B2A8E3CC46866A9C1FD0A4E,
TEXT_24_C669B6D2463B2D1232AD4DBFD3C8D513_1,unique0221
TEXT_24_C669B6D2463B2D1232AD4DBFD3C8D513_2,60_TEXT
TEXT_24_C669B6D2463B2D1232AD4DBFD3C8D513_3,「いーや、まずい気がするっ。\nこれっ、ずっとされてたらっ、だめなきがするっ」
PageCtrl_35_F096CCB9432478F2E5C19AB8E1CC14F7,
Command_38_527E560D405640D5285D45BA2AFCCDF7,
Arg1_31_D08438AB49CD5ACF29FE2F8EE6C07CBC,末井泉水A1
Arg2_32_7EB149924ECDAA38471FD5AF6E24C953,Normal_A
Arg3_33_F73127434AC8937DB9A4748EAD44F055,画面外
Arg4_39_AD5C39114DC427A1B4778BB75887964E,
Arg5_40_D047B6A0434E34FBD45AE49B80FF6631,
Arg6_34_47055B9B4B2A8E3CC46866A9C1FD0A4E,
TEXT_24_C669B6D2463B2D1232AD4DBFD3C8D513_1,unique0221
TEXT_24_C669B6D2463B2D1232AD4DBFD3C8D513_2,61_TEXT
TEXT_24_C669B6D2463B2D1232AD4DBFD3C8D513_3,「良くないことされてるっ！\nこ、これは駄目！　違反！　ルール違反っ」
PageCtrl_35_F096CCB9432478F2E5C19AB8E1CC14F7,
Command_38_527E560D405640D5285D45BA2AFCCDF7,
Arg1_31_D08438AB49CD5ACF29FE2F8EE6C07CBC,末井泉水A1
Arg2_32_7EB149924ECDAA38471FD5AF6E24C953,Normal_A
Arg3_33_F73127434AC8937DB9A4748EAD44F055,画面外
Arg4_39_AD5C39114DC427A1B4778BB75887964E,
Arg5_40_D047B6A0434E34FBD45AE49B80FF6631,
Arg6_34_47055B9B4B2A8E3CC46866A9C1FD0A4E,
TEXT_24_C669B6D2463B2D1232AD4DBFD3C8D513_1,unique0221
TEXT_24_C669B6D2463B2D1232AD4DBFD3C8D513_2,62_TEXT
TEXT_24_C669B6D2463B2D1232AD4DBFD3C8D513_3,「ふんっ……びゃああ……っ」
PageCtrl_35_F096CCB9432478F2E5C19AB8E1CC14F7,
Command_38_527E560D405640D5285D45BA2AFCCDF7,//;E
Arg1_31_D08438AB49CD5ACF29FE2F8EE6C07CBC,
Arg2_32_7EB149924ECDAA38471FD5AF6E24C953,
Arg3_33_F73127434AC8937DB9A4748EAD44F055,
Arg4_39_AD5C39114DC427A1B4778BB75887964E,
Arg5_40_D047B6A0434E34FBD45AE49B80FF6631,
Arg6_34_47055B9B4B2A8E3CC46866A9C1FD0A4E,
PageCtrl_35_F096CCB9432478F2E5C19AB8E1CC14F7,
Command_38_527E560D405640D5285D45BA2AFCCDF7,Texture
Arg1_31_D08438AB49CD5ACF29FE2F8EE6C07CBC,T_EV_Unq_0201ce
Arg2_32_7EB149924ECDAA38471FD5AF6E24C953,
Arg3_33_F73127434AC8937DB9A4748EAD44F055,EventStill
Arg4_39_AD5C39114DC427A1B4778BB75887964E,
Arg5_40_D047B6A0434E34FBD45AE49B80FF6631,
Arg6_34_47055B9B4B2A8E3CC46866A9C1FD0A4E,0
PageCtrl_35_F096CCB9432478F2E5C19AB8E1CC14F7,
Command_38_527E560D405640D5285D45BA2AFCCDF7,
Arg1_31_D08438AB49CD5ACF29FE2F8EE6C07CBC,末井泉水A1
Arg2_32_7EB149924ECDAA38471FD5AF6E24C953,Normal_A
Arg3_33_F73127434AC8937DB9A4748EAD44F055,画面外
Arg4_39_AD5C39114DC427A1B4778BB75887964E,
Arg5_40_D047B6A0434E34FBD45AE49B80FF6631,
Arg6_34_47055B9B4B2A8E3CC46866A9C1FD0A4E,
TEXT_24_C669B6D2463B2D1232AD4DBFD3C8D513_1,unique0221
TEXT_24_C669B6D2463B2D1232AD4DBFD3C8D513_2,65_TEXT
TEXT_24_C669B6D2463B2D1232AD4DBFD3C8D513_3,「はぁーーー……っ。これ……だめ……。\nはぁーー……っ。なんだろ、この……この」
PageCtrl_35_F096CCB9432478F2E5C19AB8E1CC14F7,
Command_38_527E560D405640D5285D45BA2AFCCDF7,
Arg1_31_D08438AB49CD5ACF29FE2F8EE6C07CBC,末井泉水A1
Arg2_32_7EB149924ECDAA38471FD5AF6E24C953,Normal_A
Arg3_33_F73127434AC8937DB9A4748EAD44F055,画面外
Arg4_39_AD5C39114DC427A1B4778BB75887964E,
Arg5_40_D047B6A0434E34FBD45AE49B80FF6631,
Arg6_34_47055B9B4B2A8E3CC46866A9C1FD0A4E,
TEXT_24_C669B6D2463B2D1232AD4DBFD3C8D513_1,unique0221
TEXT_24_C669B6D2463B2D1232AD4DBFD3C8D513_2,66_TEXT
TEXT_24_C669B6D2463B2D1232AD4DBFD3C8D513_3,「これ、ふー、無理かも。これ、その、無理かも」
PageCtrl_35_F096CCB9432478F2E5C19AB8E1CC14F7,
Command_38_527E560D405640D5285D45BA2AFCCDF7,
Arg1_31_D08438AB49CD5ACF29FE2F8EE6C07CBC,末井泉水A1
Arg2_32_7EB149924ECDAA38471FD5AF6E24C953,Normal_A
Arg3_33_F73127434AC8937DB9A4748EAD44F055,画面外
Arg4_39_AD5C39114DC427A1B4778BB75887964E,
Arg5_40_D047B6A0434E34FBD45AE49B80FF6631,
Arg6_34_47055B9B4B2A8E3CC46866A9C1FD0A4E,
TEXT_24_C669B6D2463B2D1232AD4DBFD3C8D513_1,unique0221
TEXT_24_C669B6D2463B2D1232AD4DBFD3C8D513_2,67_TEXT
TEXT_24_C669B6D2463B2D1232AD4DBFD3C8D513_3,「マジか、これ。ふーーー…………ん、ふぅーー…っ」
PageCtrl_35_F096CCB9432478F2E5C19AB8E1CC14F7,
Command_38_527E560D405640D5285D45BA2AFCCDF7,
Arg1_31_D08438AB49CD5ACF29FE2F8EE6C07CBC,末井泉水A1
Arg2_32_7EB149924ECDAA38471FD5AF6E24C953,Normal_A
Arg3_33_F73127434AC8937DB9A4748EAD44F055,画面外
Arg4_39_AD5C39114DC427A1B4778BB75887964E,
Arg5_40_D047B6A0434E34FBD45AE49B80FF6631,
Arg6_34_47055B9B4B2A8E3CC46866A9C1FD0A4E,
TEXT_24_C669B6D2463B2D1232AD4DBFD3C8D513_1,unique0221
TEXT_24_C669B6D2463B2D1232AD4DBFD3C8D513_2,68_TEXT
TEXT_24_C669B6D2463B2D1232AD4DBFD3C8D513_3,「…………ぉっ」
PageCtrl_35_F096CCB9432478F2E5C19AB8E1CC14F7,
Command_38_527E560D405640D5285D45BA2AFCCDF7,
Arg1_31_D08438AB49CD5ACF29FE2F8EE6C07CBC,末井泉水A1
Arg2_32_7EB149924ECDAA38471FD5AF6E24C953,Normal_A
Arg3_33_F73127434AC8937DB9A4748EAD44F055,画面外
Arg4_39_AD5C39114DC427A1B4778BB75887964E,
Arg5_40_D047B6A0434E34FBD45AE49B80FF6631,
Arg6_34_47055B9B4B2A8E3CC46866A9C1FD0A4E,
TEXT_24_C669B6D2463B2D1232AD4DBFD3C8D513_1,unique0221
TEXT_24_C669B6D2463B2D1232AD4DBFD3C8D513_2,69_TEXT
TEXT_24_C669B6D2463B2D1232AD4DBFD3C8D513_3,「ヤバ……ち、力……抜けてくる……。\nどうにか、しないと」
PageCtrl_35_F096CCB9432478F2E5C19AB8E1CC14F7,
Command_38_527E560D405640D5285D45BA2AFCCDF7,
Arg1_31_D08438AB49CD5ACF29FE2F8EE6C07CBC,末井泉水A1
Arg2_32_7EB149924ECDAA38471FD5AF6E24C953,Normal_A
Arg3_33_F73127434AC8937DB9A4748EAD44F055,画面外
Arg4_39_AD5C39114DC427A1B4778BB75887964E,
Arg5_40_D047B6A0434E34FBD45AE49B80FF6631,
Arg6_34_47055B9B4B2A8E3CC46866A9C1FD0A4E,
TEXT_24_C669B6D2463B2D1232AD4DBFD3C8D513_1,unique0221
TEXT_24_C669B6D2463B2D1232AD4DBFD3C8D513_2,70_TEXT
TEXT_24_C669B6D2463B2D1232AD4DBFD3C8D513_3,「あーーー……ふっ、ふっ、ふっ、ふぅー……」
PageCtrl_35_F096CCB9432478F2E5C19AB8E1CC14F7,
Command_38_527E560D405640D5285D45BA2AFCCDF7,Sound
Arg1_31_D08438AB49CD5ACF29FE2F8EE6C07CBC,肉厚な何かを触る音（ぐにっ
Arg2_32_7EB149924ECDAA38471FD5AF6E24C953,
Arg3_33_F73127434AC8937DB9A4748EAD44F055,SE
Arg4_39_AD5C39114DC427A1B4778BB75887964E,1
Arg5_40_D047B6A0434E34FBD45AE49B80FF6631,
Arg6_34_47055B9B4B2A8E3CC46866A9C1FD0A4E,0
PageCtrl_35_F096CCB9432478F2E5C19AB8E1CC14F7,
Command_38_527E560D405640D5285D45BA2AFCCDF7,
Arg1_31_D08438AB49CD5ACF29FE2F8EE6C07CBC,末井泉水A1
Arg2_32_7EB149924ECDAA38471FD5AF6E24C953,Normal_A
Arg3_33_F73127434AC8937DB9A4748EAD44F055,画面外
Arg4_39_AD5C39114DC427A1B4778BB75887964E,
Arg5_40_D047B6A0434E34FBD45AE49B80FF6631,
Arg6_34_47055B9B4B2A8E3CC46866A9C1FD0A4E,
TEXT_24_C669B6D2463B2D1232AD4DBFD3C8D513_1,unique0221
TEXT_24_C669B6D2463B2D1232AD4DBFD3C8D513_2,72_TEXT
TEXT_24_C669B6D2463B2D1232AD4DBFD3C8D513_3,「ひぃん！　こ、こらっ。そ、それは……。\nほんと無理……ほんと無理め……」
PageCtrl_35_F096CCB9432478F2E5C19AB8E1CC14F7,
Command_38_527E560D405640D5285D45BA2AFCCDF7,
Arg1_31_D08438AB49CD5ACF29FE2F8EE6C07CBC,末井泉水A1
Arg2_32_7EB149924ECDAA38471FD5AF6E24C953,Normal_A
Arg3_33_F73127434AC8937DB9A4748EAD44F055,画面外
Arg4_39_AD5C39114DC427A1B4778BB75887964E,
Arg5_40_D047B6A0434E34FBD45AE49B80FF6631,
Arg6_34_47055B9B4B2A8E3CC46866A9C1FD0A4E,
TEXT_24_C669B6D2463B2D1232AD4DBFD3C8D513_1,unique0221
TEXT_24_C669B6D2463B2D1232AD4DBFD3C8D513_2,73_TEXT
TEXT_24_C669B6D2463B2D1232AD4DBFD3C8D513_3,「や……だめ、だめだって……良い子だから……、\nそれ以上は……～～～～っ」
PageCtrl_35_F096CCB9432478F2E5C19AB8E1CC14F7,
Command_38_527E560D405640D5285D45BA2AFCCDF7,
Arg1_31_D08438AB49CD5ACF29FE2F8EE6C07CBC,末井泉水A1
Arg2_32_7EB149924ECDAA38471FD5AF6E24C953,Normal_A
Arg3_33_F73127434AC8937DB9A4748EAD44F055,画面外
Arg4_39_AD5C39114DC427A1B4778BB75887964E,
Arg5_40_D047B6A0434E34FBD45AE49B80FF6631,
Arg6_34_47055B9B4B2A8E3CC46866A9C1FD0A4E,
TEXT_24_C669B6D2463B2D1232AD4DBFD3C8D513_1,unique0221
TEXT_24_C669B6D2463B2D1232AD4DBFD3C8D513_2,74_TEXT
TEXT_24_C669B6D2463B2D1232AD4DBFD3C8D513_3,「せ、せめてやるなら優しく……っ」
PageCtrl_35_F096CCB9432478F2E5C19AB8E1CC14F7,
Command_38_527E560D405640D5285D45BA2AFCCDF7,MessageWindowSetting
Arg1_31_D08438AB49CD5ACF29FE2F8EE6C07CBC,WindowOFF
Arg2_32_7EB149924ECDAA38471FD5AF6E24C953,
Arg3_33_F73127434AC8937DB9A4748EAD44F055,
Arg4_39_AD5C39114DC427A1B4778BB75887964E,
Arg5_40_D047B6A0434E34FBD45AE49B80FF6631,
Arg6_34_47055B9B4B2A8E3CC46866A9C1FD0A4E,
PageCtrl_35_F096CCB9432478F2E5C19AB8E1CC14F7,
Command_38_527E560D405640D5285D45BA2AFCCDF7,//;黒
Arg1_31_D08438AB49CD5ACF29FE2F8EE6C07CBC,
Arg2_32_7EB149924ECDAA38471FD5AF6E24C953,
Arg3_33_F73127434AC8937DB9A4748EAD44F055,
Arg4_39_AD5C39114DC427A1B4778BB75887964E,
Arg5_40_D047B6A0434E34FBD45AE49B80FF6631,
Arg6_34_47055B9B4B2A8E3CC46866A9C1FD0A4E,
PageCtrl_35_F096CCB9432478F2E5C19AB8E1CC14F7,
Command_38_527E560D405640D5285D45BA2AFCCDF7,FadeIn
Arg1_31_D08438AB49CD5ACF29FE2F8EE6C07CBC,black
Arg2_32_7EB149924ECDAA38471FD5AF6E24C953,
Arg3_33_F73127434AC8937DB9A4748EAD44F055,
Arg4_39_AD5C39114DC427A1B4778BB75887964E,
Arg5_40_D047B6A0434E34FBD45AE49B80FF6631,Skippable
Arg6_34_47055B9B4B2A8E3CC46866A9C1FD0A4E,1
PageCtrl_35_F096CCB9432478F2E5C19AB8E1CC14F7,
Command_38_527E560D405640D5285D45BA2AFCCDF7,Texture
Arg1_31_D08438AB49CD5ACF29FE2F8EE6C07CBC,BG_b
Arg2_32_7EB149924ECDAA38471FD5AF6E24C953,
Arg3_33_F73127434AC8937DB9A4748EAD44F055,EventStill
Arg4_39_AD5C39114DC427A1B4778BB75887964E,
Arg5_40_D047B6A0434E34FBD45AE49B80FF6631,
Arg6_34_47055B9B4B2A8E3CC46866A9C1FD0A4E,0
PageCtrl_35_F096CCB9432478F2E5C19AB8E1CC14F7,
Command_38_527E560D405640D5285D45BA2AFCCDF7,Wait
Arg1_31_D08438AB49CD5ACF29FE2F8EE6C07CBC,
Arg2_32_7EB149924ECDAA38471FD5AF6E24C953,
Arg3_33_F73127434AC8937DB9A4748EAD44F055,
Arg4_39_AD5C39114DC427A1B4778BB75887964E,
Arg5_40_D047B6A0434E34FBD45AE49B80FF6631,
Arg6_34_47055B9B4B2A8E3CC46866A9C1FD0A4E,1
PageCtrl_35_F096CCB9432478F2E5C19AB8E1CC14F7,
Command_38_527E560D405640D5285D45BA2AFCCDF7,FadeOut
Arg1_31_D08438AB49CD5ACF29FE2F8EE6C07CBC,black
Arg2_32_7EB149924ECDAA38471FD5AF6E24C953,
Arg3_33_F73127434AC8937DB9A4748EAD44F055,
Arg4_39_AD5C39114DC427A1B4778BB75887964E,
Arg5_40_D047B6A0434E34FBD45AE49B80FF6631,Skippable
Arg6_34_47055B9B4B2A8E3CC46866A9C1FD0A4E,1
PageCtrl_35_F096CCB9432478F2E5C19AB8E1CC14F7,
Command_38_527E560D405640D5285D45BA2AFCCDF7,MessageWindowSetting
Arg1_31_D08438AB49CD5ACF29FE2F8EE6C07CBC,WindowON
Arg2_32_7EB149924ECDAA38471FD5AF6E24C953,
Arg3_33_F73127434AC8937DB9A4748EAD44F055,
Arg4_39_AD5C39114DC427A1B4778BB75887964E,
Arg5_40_D047B6A0434E34FBD45AE49B80FF6631,
Arg6_34_47055B9B4B2A8E3CC46866A9C1FD0A4E,
PageCtrl_35_F096CCB9432478F2E5C19AB8E1CC14F7,
Command_38_527E560D405640D5285D45BA2AFCCDF7,
Arg1_31_D08438AB49CD5ACF29FE2F8EE6C07CBC,末井泉水A1
Arg2_32_7EB149924ECDAA38471FD5AF6E24C953,Normal_A
Arg3_33_F73127434AC8937DB9A4748EAD44F055,画面外
Arg4_39_AD5C39114DC427A1B4778BB75887964E,
Arg5_40_D047B6A0434E34FBD45AE49B80FF6631,
Arg6_34_47055B9B4B2A8E3CC46866A9C1FD0A4E,
TEXT_24_C669B6D2463B2D1232AD4DBFD3C8D513_1,unique0221
TEXT_24_C669B6D2463B2D1232AD4DBFD3C8D513_2,82_TEXT
TEXT_24_C669B6D2463B2D1232AD4DBFD3C8D513_3,「優しくしてぇ～～～～っっ！！」
PageCtrl_35_F096CCB9432478F2E5C19AB8E1CC14F7,
Command_38_527E560D405640D5285D45BA2AFCCDF7,MessageWindowSetting
Arg1_31_D08438AB49CD5ACF29FE2F8EE6C07CBC,WindowOFF
Arg2_32_7EB149924ECDAA38471FD5AF6E24C953,
Arg3_33_F73127434AC8937DB9A4748EAD44F055,
Arg4_39_AD5C39114DC427A1B4778BB75887964E,
Arg5_40_D047B6A0434E34FBD45AE49B80FF6631,
Arg6_34_47055B9B4B2A8E3CC46866A9C1FD0A4E,
PageCtrl_35_F096CCB9432478F2E5C19AB8E1CC14F7,
Command_38_527E560D405640D5285D45BA2AFCCDF7,FadeIn
Arg1_31_D08438AB49CD5ACF29FE2F8EE6C07CBC,black
Arg2_32_7EB149924ECDAA38471FD5AF6E24C953,
Arg3_33_F73127434AC8937DB9A4748EAD44F055,
Arg4_39_AD5C39114DC427A1B4778BB75887964E,
Arg5_40_D047B6A0434E34FBD45AE49B80FF6631,Skippable
Arg6_34_47055B9B4B2A8E3CC46866A9C1FD0A4E,2
PageCtrl_35_F096CCB9432478F2E5C19AB8E1CC14F7,
Command_38_527E560D405640D5285D45BA2AFCCDF7,TextureOff
Arg1_31_D08438AB49CD5ACF29FE2F8EE6C07CBC,BG_b
Arg2_32_7EB149924ECDAA38471FD5AF6E24C953,
Arg3_33_F73127434AC8937DB9A4748EAD44F055,EventStill
Arg4_39_AD5C39114DC427A1B4778BB75887964E,
Arg5_40_D047B6A0434E34FBD45AE49B80FF6631,
Arg6_34_47055B9B4B2A8E3CC46866A9C1FD0A4E,1
PageCtrl_35_F096CCB9432478F2E5C19AB8E1CC14F7,
Command_38_527E560D405640D5285D45BA2AFCCDF7,StopSound
Arg1_31_D08438AB49CD5ACF29FE2F8EE6C07CBC,BGM_15_Hell
Arg2_32_7EB149924ECDAA38471FD5AF6E24C953,
Arg3_33_F73127434AC8937DB9A4748EAD44F055,BGM
Arg4_39_AD5C39114DC427A1B4778BB75887964E,1
Arg5_40_D047B6A0434E34FBD45AE49B80FF6631,
Arg6_34_47055B9B4B2A8E3CC46866A9C1FD0A4E,2
PageCtrl_35_F096CCB9432478F2E5C19AB8E1CC14F7,
Command_38_527E560D405640D5285D45BA2AFCCDF7,Wait
Arg1_31_D08438AB49CD5ACF29FE2F8EE6C07CBC,
Arg2_32_7EB149924ECDAA38471FD5AF6E24C953,
Arg3_33_F73127434AC8937DB9A4748EAD44F055,
Arg4_39_AD5C39114DC427A1B4778BB75887964E,
Arg5_40_D047B6A0434E34FBD45AE49B80FF6631,
Arg6_34_47055B9B4B2A8E3CC46866A9C1FD0A4E,1
PageCtrl_35_F096CCB9432478F2E5C19AB8E1CC14F7,
Command_38_527E560D405640D5285D45BA2AFCCDF7,EndScenario
Arg1_31_D08438AB49CD5ACF29FE2F8EE6C07CBC,
Arg2_32_7EB149924ECDAA38471FD5AF6E24C953,
Arg3_33_F73127434AC8937DB9A4748EAD44F055,
Arg4_39_AD5C39114DC427A1B4778BB75887964E,
Arg5_40_D047B6A0434E34FBD45AE49B80FF6631,
Arg6_34_47055B9B4B2A8E3CC46866A9C1FD0A4E,
PageCtrl_35_F096CCB9432478F2E5C19AB8E1CC14F7,
